01600004000000000000000000100000000000022000005000000000000462
01600004000000000000000000100000000000216000005000000000004536
01600004000000000000000000100000000000192000005000000000004032
01600004000000000000000000100000000000089250005000000000001875
00600004000000000000000001810000000000089250005000000000001875
01600004000000000000000000100000000000089250005000000000001875
00600004000000000000000001870000000000240000005000000000005040
00600004000000000000000001860000000000240000005000000000005040
00600004000000000000000001850000000000240000005000000000005040
00600004000000000000000001840000000000240000005000000000005040
00600004000000000000000001830000000000240000005000000000005040
00600004000000000000000001820000000000329250005000000000006915
01600004000000000000000000100000000000240000005000000000005040
01600004000000000000000000100000000000012100005000000000000000
00600004000000000000000001880000000000240000005000000000005040
01600004000000000000000000100000000000148830005000000000000000
01600004000000000000000000100000000000339170005000000000007123
01600004000000000000000000100000000000121000005000000000000000
01600004000000000000000000100000000000240000005000000000005040
01600004000000000000000000100000000000100000005000000000002100
01600004000000000000000000100000000000100000005000000000002100
01600004000000000000000000100000000000100000005000000000002100
01600004000000000000000000100000000000121000005000000000000000
01600004000000000000000000100000000000100000005000000000002100
01600004000000000000000000100000000000200000005000000000004200
01600004000000000000000000100000000000099170005000000000002083
01600004000000000000000000100000000000240000005000000000005040
01600004000000000000000000100000000000099170005000000000002083
